1
2
3
4
6
7
8
9
10
11
12
13
14
15
16
17
19
21
22
23
26
27
28
29
30
31
32
33
34
35
36
38
49
99
100
101
102
103
221
222
363
364
365
420
421
514
522
523
524
530
531
576
577
578
579
580
582
584
585
586
587
702
735
754
782
833
835
838
842
844
845
850
853
904
905
933
943
944
945
962
964
966
967
968
971
974
976
990
997
1006
1007
1011
1022
1026
1029
1030
1032
1033
1034
1035
1036
1037
1049
1057
1062
1070
1071
1072
1073
1079
1082
1083
1107
1119
1124
1137
1138
1143
1144
1145
1146
1147
1148
1149
1150
1151
1154
1157
1160
1161
1162
1164
1165
1167
1195
1204
1239
1241
1457
1459
1503
1505
1942
2090
2380
2581
2839
2899
2932
2942
3002
3006
3010
3016
3017
3055
3057
3083
3111
3197
3199
3200
3201
3202
3203
3204
3207
3208
3209
3210
3211
3212
3213
3214
3217
3218
3219
3221
3223
3472
3473
