sk               Eth Pid        Groups   Rmem     Wmem     Dump  Locks    Drops    Inode
0000000037946803 0   0          00000000 0        0        0     2        0        8       
0000000098db5db9 0   967        00000559 0        0        0     2        0        22236   
000000008befadaf 0   1107       00000110 0        0        0     2        0        26010   
000000000e3e1857 4   0          00000000 0        0        0     2        0        1131    
00000000a451957a 6   0          00000000 0        0        0     2        0        1132    
00000000af83623a 7   3006       00000001 0        0        0     2        0        151174  
00000000e642f1cc 7   1          00000001 0        0        0     2        0        19334   
00000000bb74a5c1 7   0          00000000 0        0        0     2        0        11526   
000000002b16308e 7   966        00000001 0        0        0     2        0        22955   
00000000fcfd7305 8   0          00000000 0        0        0     2        0        11931   
00000000a1f4e7d1 9   966        00000000 0        0        0     2        0        22954   
00000000eeb24324 9   1          00000000 0        0        0     2        0        14016   
000000002569135c 9   0          00000000 0        0        0     2        0        9       
00000000aa4f0e9c 9   3197       00000000 0        0        0     2        0        155796  
000000004be8b1ce 9   3055       00000000 0        0        0     2        0        152147  
000000002a3e6fa3 9   904        00000000 0        0        0     2        0        21702   
0000000086c53403 10  0          00000000 0        0        0     2        0        9738    
00000000cc4145ef 11  0          00000000 0        0        0     2        0        17      
00000000cef3d516 12  0          00000000 0        0        0     2        0        25661   
0000000059eb7cf5 15  1          00000002 0        0        0     2        0        14010   
00000000918a217b 15  964        00000002 0        0        0     2        0        22114   
000000009f9289ae 15  0          00000000 0        0        0     2        0        10      
00000000b18e309b 15  2734792848 00000002 0        0        0     2        0        22419   
000000000cd47753 15  2182317056 00000002 0        0        0     2        0        22115   
0000000092bcc37e 15  4095287530 00000002 0        0        0     2        0        22117   
00000000066c13a4 15  3758380194 00000002 0        0        0     2        0        22116   
0000000096053e9d 15  3006       00000002 0        0        0     2        0        151895  
000000003a3f1d06 15  3317406907 00000001 0        0        0     2        0        18512   
0000000092d0dc46 15  967        00000002 0        0        0     2        0        22234   
000000007e2e3902 16  0          00000000 0        0        0     2        0        1036    
000000003adf78d1 16  967        00000000 0        0        0     2        0        22235   
00000000183d2458 18  0          00000000 0        0        0     2        0        20      
000000004d5117f7 20  0          00000000 0        0        0     2        0        20256   
