Num       RefCount Protocol Flags    Type St Inode Path
000000009758ea5d: 00000003 00000000 00000000 0002 01 11778 /run/systemd/notify
00000000d50e91b3: 00000002 00000000 00000000 0002 01 11780 /run/systemd/cgroups-agent
000000002a53dfcb: 00000002 00000000 00010000 0005 01 27152 /var/run/crio/91635d506dcc3413a847ac6628550c44408b2092bc6bf76a78e78c73f8d8fb08/attach
0000000014c48e9e: 0000000B 00000000 00000000 0002 01 11791 /run/systemd/journal/dev-log
00000000682b6923: 00000002 00000000 00010000 0001 01 11796 /run/systemd/journal/stdout
00000000e4670488: 00000002 00000000 00010000 0001 01 22927 @irqbalance962.sock
0000000087b5ed0b: 00000009 00000000 00000000 0002 01 11799 /run/systemd/journal/socket
00000000b77b5afe: 00000002 00000000 00000000 0002 01 174374 /var/run/chrony/chronyc.3688.sock
0000000003e9caa1: 00000002 00000000 00010000 0001 01 21818 /run/dbus/system_bus_socket
0000000007107ac9: 00000002 00000000 00010000 0005 01 18507 /run/udev/control
00000000de40e384: 00000002 00000000 00010000 0005 01 18516 /run/systemd/coredump
00000000211a9586: 00000003 00000000 00000000 0002 01 22105 /var/run/chrony/chronyd.sock
000000003a199244: 00000002 00000000 00000000 0002 01 151898 /run/user/1000/systemd/notify
00000000215336c3: 00000002 00000000 00010000 0001 01 151902 /run/user/1000/systemd/private
00000000ade41997: 00000002 00000000 00010000 0001 01 151910 /run/user/1000/bus
00000000d91b5a21: 00000002 00000000 00010000 0001 01 26003 /var/lib/kubelet/device-plugins/kubelet.sock
0000000014c1a695: 00000002 00000000 00010000 0005 01 27042 /var/run/crio/4820eec2dfc82332f80ab783daad26b31f0a749ae8a09d970b51aede5adb9d75/attach
00000000120f5245: 00000002 00000000 00010000 0001 01 24995 /var/run/crio/crio.sock
000000000c7663d9: 00000002 00000000 00010000 0005 01 25509 /var/run/crio/3f2164ffc40a996a2723131243bff2439166b35ef49345b699b467cc5d1a3832/attach
00000000f66e9e6f: 00000002 00000000 00010000 0001 01 18609 /run/rpcbind.sock
00000000157faf52: 00000002 00000000 00010000 0001 01 14011 /run/systemd/private
00000000b243bf4f: 00000002 00000000 00010000 0005 01 155903 /var/run/libpod/socket/009ed41b946511f53b0face7d64f252b394bc971f0808b498ea588959f1e626f/attach
00000000891f67ec: 00000002 00000000 00010000 0001 01 18426 /run/lvm/lvmpolld.socket
00000000ef7e5a2f: 00000003 00000000 00000000 0001 03 155425
000000001ebe44b9: 00000003 00000000 00000000 0001 03 22079
00000000e06c16f5: 00000002 00000000 00000000 0002 01 22261
000000000fd20727: 00000002 00000000 00000000 0001 03 28517
000000008fe4c441: 00000003 00000000 00000000 0001 03 19613
00000000dfc350e3: 00000003 00000000 00000000 0001 03 24696
000000003e44f686: 00000002 00000000 00000000 0001 03 155474
00000000be782a70: 00000003 00000000 00000000 0002 01 11782
00000000775d4978: 00000003 00000000 00000000 0001 03 22960
00000000585f9db4: 00000003 00000000 00000000 0001 03 151109 /run/systemd/journal/stdout
000000003c0e4093: 00000003 00000000 00000000 0001 03 22081 /run/systemd/journal/stdout
00000000242fb623: 00000003 00000000 00000000 0001 03 22920
00000000e4ecf105: 00000002 00000000 00000000 0001 03 150909
00000000831e5fe6: 00000003 00000000 00000000 0001 03 175102 /run/systemd/journal/stdout
0000000084507019: 00000003 00000000 00000000 0001 03 22249
00000000c8459d61: 00000003 00000000 00000000 0001 03 24442 /run/systemd/journal/stdout
00000000d451e25d: 00000003 00000000 00000000 0001 03 151189
000000003545b01b: 00000003 00000000 00000000 0001 03 22016
000000004a16de93: 00000003 00000000 00000000 0001 03 22430
00000000c4770e9c: 00000003 00000000 00000000 0001 03 19615 /run/systemd/journal/stdout
00000000c1b87e69: 00000003 00000000 00000000 0002 01 11783
00000000c001cad7: 00000003 00000000 00000000 0001 03 22023 /run/systemd/journal/stdout
00000000cf757f7d: 00000002 00000000 00000000 0002 01 19625
00000000f27b04d0: 00000003 00000000 00000000 0001 03 151105
000000006db40a06: 00000002 00000000 00000000 0002 01 155418
00000000f20d4e5e: 00000002 00000000 00000000 0002 01 22083
00000000a42e4fcc: 00000003 00000000 00000000 0001 03 22864
000000003ce91958: 00000003 00000000 00000000 0001 03 25829 /run/systemd/journal/stdout
0000000033d4bb7e: 00000003 00000000 00000000 0001 03 22431 /run/dbus/system_bus_socket
0000000079ba030f: 00000003 00000000 00000000 0001 03 25228 /run/dbus/system_bus_socket
0000000095f7382a: 00000003 00000000 00000000 0001 03 151904
000000006816eadf: 00000003 00000000 00000000 0001 03 175092
000000004fb8be87: 00000003 00000000 00000000 0001 03 25227
0000000027b109d0: 00000003 00000000 00000000 0001 03 22118
00000000baf75ca6: 00000003 00000000 00000000 0001 03 151143 /run/dbus/system_bus_socket
00000000196add83: 00000002 00000000 00000000 0002 01 152157
000000003e0ba808: 00000002 00000000 00000000 0002 01 21704
00000000dcdf0a69: 00000003 00000000 00000000 0001 03 25169
00000000b17a5cc3: 00000003 00000000 00000000 0001 03 22420
000000008177871d: 00000002 00000000 00000000 0002 01 155807
00000000969a5f47: 00000003 00000000 00000000 0002 01 151900
000000000258f03b: 00000003 00000000 00000000 0001 03 21714
0000000068a1237f: 00000002 00000000 00000000 0002 01 155820
00000000b35f8fdd: 00000002 00000000 00000000 0002 01 24878
00000000d1f23083: 00000003 00000000 00000000 0001 03 151190
000000000c4de16b: 00000003 00000000 00000000 0002 01 19641
0000000065781f8e: 00000003 00000000 00000000 0002 01 175099
000000002cdab772: 00000003 00000000 00000000 0001 03 22021 /run/systemd/journal/stdout
000000005b3bb218: 00000003 00000000 00000000 0001 03 21889 /run/systemd/journal/stdout
00000000b03931a3: 00000002 00000000 00000000 0001 03 28184
00000000824a1454: 00000003 00000000 00000000 0001 03 25828
00000000f36da835: 00000002 00000000 00000000 0002 01 18641
00000000a41a1cc7: 00000002 00000000 00000000 0002 01 151183
00000000f89f91ad: 00000003 00000000 00000000 0001 03 22250 /run/dbus/system_bus_socket
00000000e57075f6: 00000003 00000000 00000000 0002 01 19642
0000000006a5a3b2: 00000003 00000000 00000000 0001 03 24836
0000000090c33491: 00000003 00000000 00000000 0001 03 175292
00000000716e18cb: 00000003 00000000 00000000 0005 03 155904 /var/run/libpod/socket/009ed41b946511f53b0face7d64f252b394bc971f0808b498ea588959f1e626f/attach
0000000041278c50: 00000003 00000000 00000000 0001 03 24428 /run/systemd/journal/stdout
00000000bb810e5d: 00000002 00000000 00000000 0002 01 19521
00000000836425f2: 00000003 00000000 00000000 0001 03 21888
00000000475d67ad: 00000003 00000000 00000000 0001 03 155426 /run/dbus/system_bus_socket
00000000b8261350: 00000003 00000000 00000000 0001 03 22962 /run/dbus/system_bus_socket
00000000611f0fb8: 00000003 00000000 00000000 0002 01 175098
00000000c4632e00: 00000002 00000000 00000000 0001 03 26191
000000002956b760: 00000003 00000000 00000000 0001 03 22961
00000000ac218957: 00000002 00000000 00000000 0002 01 22084
00000000b2f41879: 00000003 00000000 00000000 0005 03 156752
00000000798e6d8b: 00000003 00000000 00000000 0001 03 155827
00000000b5bd541b: 00000003 00000000 00000000 0001 03 25173 /var/run/crio/crio.sock
00000000b5889a41: 00000003 00000000 00000000 0001 03 22382 /run/systemd/journal/stdout
0000000097eedd6c: 00000003 00000000 00000000 0001 03 25170 /var/run/crio/crio.sock
000000009ea3fd6d: 00000002 00000000 00000000 0002 01 151889
00000000e79fb0ef: 00000002 00000000 00000000 0002 01 151131
0000000014bfbcf9: 00000003 00000000 00000000 0001 03 21713
0000000018ca45a0: 00000003 00000000 00000000 0001 03 24199 /run/dbus/system_bus_socket
0000000070383dee: 00000003 00000000 00000000 0001 03 25225
00000000f6cb7b13: 00000003 00000000 00000000 0001 03 155445 /run/dbus/system_bus_socket
000000009c4a92fa: 00000003 00000000 00000000 0001 03 175093 /run/dbus/system_bus_socket
00000000e03db40d: 00000003 00000000 00000000 0002 01 151901
00000000b72f886e: 00000003 00000000 00000000 0001 03 22381
00000000cfa26d17: 00000003 00000000 00000000 0001 03 22971 /run/dbus/system_bus_socket
000000007f0c7f5f: 00000003 00000000 00000000 0001 03 25172
000000001bfe2c62: 00000002 00000000 00000000 0002 01 22226
000000005cfcb94d: 00000003 00000000 00000000 0001 03 25226 /run/dbus/system_bus_socket
00000000c1707aba: 00000002 00000000 00000000 0002 01 22483
