extent_alloc 21593 267299 144 23780
abt 0 0 0 0
blk_map 92847 140991 27985 22806 1125 289207 0
bmbt 0 0 0 0
dir 48047 26526 320 14376
trans 0 309103 16
ig 29512 484 0 29028 0 80 85550
log 990 42037 127 429 345
push_ail 309244 23 41053 7364 0 764 0 29830 0 69
xstrat 20698 0
rw 88264 124948
attr 43856 26258 41 112
icluster 2655 2368 35538
vnodes 28948 0 0 0 267 267 267 0
buf 226777 4326 222469 19 0 4308 0 8012 3062
abtb2 22134 27855 267 512 0 0 0 0 0 0 0 0 0 0 1558
abtc2 43063 48023 21409 21654 0 0 0 0 0 0 0 0 0 0 32655
bmbt2 1644 9699 238 178 0 0 0 0 0 0 0 0 0 0 4974
ibt2 26595 50744 366 3 0 0 0 0 0 0 0 0 0 0 31
fibt2 37014 38201 405 428 0 0 0 0 0 0 0 0 0 0 80
rmapbt 0 0 0 0 0 0 0 0 0 0 0 0 0 0 0
refcntbt 532 835 31 23 0 0 0 0 0 0 0 0 0 0 172
qm 0 0 0 2 164 0 2 1 0
xpc 885641216 996681189 448875632
debug 0
